07/06/14;4161
08/06/14;4161
09/06/14;4161
10/06/14;4161
11/06/14;4161
12/06/14;4161
13/06/14;4161
